ene 	p 	E/p
2	0.883571	0.6315
2.05	0.912768	0.6135
2.1	0.94195	0.5955
2.125	0.956409	0.5925
2.15	0.970868	0.5895
2.175	0.985444	0.5805
2.2	0.999846	0.5805
2.2324	1.0183	0.5685
2.3094	1.06241	0.5595
2.3864	1.1062	0.5505
2.396	1.11176	0.5535
2.5	1.16991	0.543
2.6444	1.25103	0.5325
2.6464	1.25245	0.531
2.7	1.28212	0.525
2.8	1.33714	0.5205
2.9	1.39212	0.51
2.95	1.4198	0.5055
2.981	1.43688	0.504
3	1.44717	0.5055
3.02	1.45769	0.5025
3.08	1.49096	0.498


	p	p_low	p_up	
2	0.869645	0.855719	0.883571	0.013926
2.05	0.898281	0.883794	0.912768	0.014487
2.1	0.926705	0.91146	0.94195	0.015245
2.125	0.940822	0.925235	0.956409	0.015587
2.15	0.954939	0.93901	0.970868	0.015929
2.175	0.968989	0.952534	0.985444	0.016455
2.2	0.982997	0.966148	0.999846	0.016849
2.2324	1.00109	0.98388	1.0183	0.01721
2.3094	1.04396	1.02551	1.06241	0.01845
2.3864	1.08628	1.06636	1.1062	0.01992
2.396	1.09155	1.07134	1.11176	0.02021
2.5	1.14838	1.12685	1.16991	0.02153
2.6444	1.22658	1.20213	1.25103	0.02445
2.6464	1.22766	1.20287	1.25245	0.02479
2.7	1.2565	1.23088	1.28212	0.02562
2.8	1.31007	1.283	1.33714	0.02707
2.9	1.36337	1.33462	1.39212	0.02875
2.95	1.38993	1.36006	1.4198	0.02987
2.981	1.40637	1.37586	1.43688	0.03051
3	1.41643	1.38569	1.44717	0.03074
3.02	1.42702	1.39635	1.45769	0.03067
3.08	1.45873	1.4265	1.49096	0.03223









#### data determined p cut
2	0.885818	0.6315
2.05	0.913055      0.6135
2.1	0.942679      0.5955
2.15	0.970682      0.5895
2.175	0.986227      0.5805
2.2	1.001         0.5805
2.2324	1.01933       0.5685
2.3094	1.06329       0.5595
2.3864	1.10914       0.5505
2.396	1.11356       0.5535
2.5	1.18335       0.543
2.6444	1.25595       0.5325
2.6464	1.25426       0.531
2.7	1.27837       0.525
2.8	1.32565       0.5205
2.9	1.3938        0.51
2.95	1.42374       0.5055
2.981	1.43433       0.504
3	1.45382       0.5055
3.02	1.46297       0.5025
3.08	1.4976        0.498

##### MC determined p cut
2	0.883571	0.6315
2.05	0.912768	0.6135
2.1	0.94195	0.5955
2.15	0.970868	0.5895
2.175	0.985444	0.5805
2.2	0.999846	0.5805
2.2324	1.0183	0.5685
2.3094	1.06241	0.5595
2.3864	1.1062	0.5505
2.396	1.11176	0.5535
2.5	1.16991	0.543
2.6444	1.25103	0.5325
2.6464	1.25245	0.531
2.7	1.28212	0.525
2.8	1.33714	0.5205
2.9	1.39212	0.51
2.95	1.4198	0.5055
2.981	1.43688	0.504
3	1.44717	0.5055
3.02	1.45769	0.5025
3.08	1.49096	0.498
