 0.985000 : 0.990000   0.034043              74.8979    
 0.990000 : 0.995000   0.520231              24.1007    
 0.995000 : 1.000000   3.192171              49.6448    
 1.000000 : 1.001000   7.764837              80.4645    
 1.001000 : 1.002000   5.947790              55.4932    
 1.002000 : 1.003000   10.590196             89.5983    
 1.003000 : 1.004000   9.631461              74.35      
 1.004000 : 1.005000   13.943978             98.7423    
 1.005000 : 1.006000   20.339486             132.747    
 1.006000 : 1.007000   29.085800             175.677    
 1.007000 : 1.008000   30.135827             169.053    
 1.008000 : 1.009000   40.402239             211.153    
 1.009000 : 1.010000   52.323489             255.437    
 1.010000 : 1.011000   67.422385             308.129    
 1.011000 : 1.012000   104.990931            449.942    
 1.012000 : 1.013000   132.719585            533.981    
 1.013000 : 1.014000   182.323915            689.099    
 1.014000 : 1.015000   274.117277            973.303    
 1.015000 : 1.016000   444.483734            1482.62    
 1.016000 : 1.017000   695.802224            2184.88    
 1.017000 : 1.018000   1211.072232           3625.23    
 1.018000 : 1.019000   1815.482965           5404.37    
 1.019000 : 1.020000   2009.060129           6304.53    
 1.020000 : 1.021000   1510.643077           4926.18    
 1.021000 : 1.022000   949.834820            3038.81    
 1.022000 : 1.023000   675.077932            2062.04    
 1.023000 : 1.024000   455.078780            1321.09    
 1.024000 : 1.025000   363.976039            1006.27    
 1.025000 : 1.026000   278.696471            736.129    
 1.026000 : 1.027000   230.229385            582.711    
 1.027000 : 1.028000   171.829324            417.792    
 1.028000 : 1.029000   155.895753            364.917    
 1.029000 : 1.030000   133.723404            301.894    
 1.030000 : 1.031000   126.688120            276.281    
 1.031000 : 1.032000   101.379719            213.861    
 1.032000 : 1.033000   94.473745             193.013    
 1.033000 : 1.034000   78.977476             156.442    
 1.034000 : 1.035000   74.625343             143.465    
 1.035000 : 1.036000   65.204429             121.771    
 1.036000 : 1.037000   60.893121             110.563    
 1.037000 : 1.038000   64.814911             114.508    
 1.038000 : 1.039000   51.666020             88.8809    
 1.039000 : 1.040000   45.799478             76.7725    
 1.040000 : 1.045000   43.404662             67.6461    
 1.045000 : 1.050000   34.995776             48.7312    
 1.050000 : 1.055000   27.429883             34.5162    
 1.055000 : 1.060000   22.911984             26.2988    
 1.060000 : 1.065000   21.091216             22.258     
 1.065000 : 1.070000   19.219573             18.7755    
 1.070000 : 1.075000   16.654716             15.1501    
 1.075000 : 1.080000   16.673699             14.197     
 1.080000 : 1.085000   16.070664             12.8672    
 1.085000 : 1.090000   13.804179             10.4359    
 1.090000 : 1.095000   13.870008             9.9373     
 1.095000 : 1.100000   12.741526             8.68021    
 1.100000 : 1.120000   11.503552             7.01556    
 1.120000 : 1.140000   9.763161              5.11547    
 1.140000 : 1.160000   8.888187              4.11747    
 1.160000 : 1.180000   7.911645              3.3108     
 1.180000 : 1.200000   7.611485              2.92114    
 1.200000 : 1.220000   7.276515              2.60052    
 1.220000 : 1.240000   6.326981              2.1288     
 1.240000 : 1.260000   7.255386              2.31523    
 1.260000 : 1.280000   6.240046              1.90531    
 1.280000 : 1.300000   6.023625              1.7718     
 1.300000 : 1.320000   5.666007              1.61431    
 1.320000 : 1.340000   5.501583              1.52545    
 1.340000 : 1.360000   5.002754              1.35548    
 1.360000 : 1.380000   4.750623              1.26229    
 1.380000 : 1.400000   5.061183              1.32296    
 1.400000 : 1.420000   4.336389              1.11817    
 1.420000 : 1.440000   4.252461              1.08436    
 1.440000 : 1.460000   4.107920              1.03813    
 1.460000 : 1.480000   3.754519              0.942165   
 1.480000 : 1.500000   3.469052              0.865932   
 1.500000 : 1.520000   3.610099              0.897785   
 1.520000 : 1.540000   3.222179              0.799457   
 1.540000 : 1.560000   3.069294              0.760727   
 1.560000 : 1.580000   3.306258              0.819543   
 1.580000 : 1.600000   3.233675              0.80247    
 1.600000 : 1.620000   2.916183              0.725196   
 1.620000 : 1.640000   2.694128              0.671957   
 1.640000 : 1.660000   2.525847              0.632342   
 1.660000 : 1.680000   1.900072              0.477801   
 1.680000 : 1.700000   1.182240              0.298812   
 1.700000 : 1.720000   0.846542              0.215186   
 1.720000 : 1.740000   0.867827              0.222237   
 1.740000 : 1.760000   0.542850              0.140076   
 1.760000 : 1.780000   0.334282              0.0868801  
 1.780000 : 1.800000   0.136429              0.0357288  
 1.800000 : 1.820000   0.216168              0.0570654  
 1.820000 : 1.840000   0.301438              0.080242   
 1.840000 : 1.860000   0.203906              0.0547514  
 1.860000 : 1.880000   0.325057              0.088067   
 1.880000 : 1.900000   0.237587              0.0649654  
 1.900000 : 1.920000   0.335828              0.092702   
 1.920000 : 1.940000   0.330249              0.0920501  
 1.940000 : 1.960000   0.331115              0.0932099  
 1.960000 : 1.980000   0.344160              0.0978646  
 1.980000 : 2.000000   0.288732              0.0829502  
 2.000000 : 2.020000   0.373957              0.10856    
 2.020000 : 2.040000   0.321729              0.09439    
 2.040000 : 2.060000   0.192987              0.057228   
 2.060000 : 2.080000   0.291564              0.0873998  
 2.080000 : 2.100000   0.154096              0.0466993  
 2.100000 : 2.120000   0.190669              0.058423   
 2.120000 : 2.140000   0.224211              0.0694678  
 2.140000 : 2.160000   0.141267              0.0442614  
 2.160000 : 2.180000   0.099761              0.0316106  
 2.180000 : 2.200000   0.220129              0.0705446  
 2.200000 : 2.220000   0.232192              0.0752615  
 2.220000 : 2.240000   0.254131              0.083319   
 2.240000 : 2.260000   0.312361              0.103591   
 2.260000 : 2.280000   0.130284              0.0437071  
 2.280000 : 2.300000   0.267993              0.090948   
 2.300000 : 2.320000   0.214109              0.0735064  
 2.320000 : 2.340000   0.150527              0.0522799  
 2.340000 : 2.360000   0.101883              0.0357981  
 2.360000 : 2.380000   0.159791              0.0568007  
 2.380000 : 2.400000   0.077845              0.027995   
 2.400000 : 2.420000   0.112938              0.0410903  
 2.420000 : 2.440000   0.119888              0.0441293  
 2.440000 : 2.460000   0.058670              0.0218484  
 2.460000 : 2.480000   0.053238              0.0200574  
 2.480000 : 2.500000   0.105640              0.0402651  
 2.500000 : 2.520000   0.079057              0.0304849  
 2.520000 : 2.540000   0.090945              0.0354783  
 2.540000 : 2.560000   0.103637              0.0409008  
 2.560000 : 2.580000   0.055571              0.0221867  
 2.580000 : 2.600000   0.081554              0.0329389  
 2.600000 : 2.640000   0.065937              0.0270965  
 2.640000 : 2.680000   0.044671              0.0187906  
 2.680000 : 2.720000   0.046153              0.0198975  
 2.720000 : 2.760000   0.037000              0.0163191  
 2.760000 : 2.800000   0.037379              0.0168643  
 2.800000 : 2.840000   0.039077              0.0180325  
 2.840000 : 2.880000   0.029040              0.0137046  
 2.880000 : 2.920000   0.038532              0.0185938  
 2.920000 : 2.960000   0.044669              0.0220508  
 2.960000 : 3.000000   0.021097              0.0106615  
 3.000000 : 3.040000   0.023581              0.01218    
 3.040000 : 3.080000   0.033780              0.0178306  
 3.080000 : 3.120000   0.020134              0.0108589  
 3.120000 : 3.160000   0.033130              0.0182542  
 3.160000 : 3.200000   0.017842              0.0100415  
 3.200000 : 3.240000   0.022872              0.0131462  
 3.240000 : 3.280000   0.024397              0.0143187  
 3.280000 : 3.320000   0.010055              0.00602484 
 3.320000 : 3.360000   0.030098              0.0184087  
 3.360000 : 3.400000   0.012148              0.00758292 
 3.400000 : 3.480000   0.012321              0.00792691 
 3.480000 : 3.560000   0.007684              0.00514224 
 3.560000 : 3.640000   0.008229              0.00572498 
 3.640000 : 3.720000   0.011026              0.00797708 
 3.720000 : 3.800000   0.005356              0.00402714 
 3.800000 : 4.100000   0.002496              0.00205096 
 4.100000 : 4.400000   0.003895              0.00365468 
 4.400000 : 4.700000   0.001578              0.00168218 
 4.700000 : 5.000000   0.001157              0.00139483 
